150
134.18 259.475
137.131 264.197
137.721 257.115
145.393 255.934
145.393 267.148
146.574 206.361
150.115 212.262
153.066 206.951
153.066 268.918
154.246 217.574
157.197 254.754
158.967 222.885
159.557 271.279
160.738 207.541
163.098 228.197
164.869 255.344
167.23 273.049
167.82 234.098
169.59 210.492
171.951 254.754
172.541 238.82
172.541 338.557
173.721 328.525
174.902 320.262
177.262 275.41
177.852 214.033
177.852 312.59
177.852 334.426
179.033 244.131
179.623 254.754
180.213 305.508
183.164 330.885
183.754 248.852
184.934 218.164
184.934 278.361
184.934 296.066
187.295 252.984
187.295 327.344
188.475 287.803
191.426 281.902
192.016 225.836
192.607 324.393
197.328 228.197
197.918 320.262
201.459 228.787
201.459 314.951
202.049 222.295
203.23 215.803
204.41 204.59
204.41 312
205 186.885
205 194.557
206.18 179.213
207.361 171.541
209.131 307.869
210.902 177.443
210.902 304.328
213.852 303.738
214.443 297.836
215.033 183.934
215.033 307.869
217.393 190.426
218.574 316.131
219.164 197.508
219.164 326.164
222.115 205.18
222.705 335.016
223.295 211.672
224.475 218.754
225.066 226.426
226.246 348.59
228.016 221.115
228.016 354.492
230.377 360.984
230.967 214.623
232.738 356.852
233.918 206.951
234.508 349.77
236.869 339.148
238.049 200.459
239.23 326.164
240.41 316.131
241 304.918
241.59 291.934
241.59 298.426
242.18 195.148
246.902 189.246
246.902 232.328
246.902 295.475
248.082 226.426
249.852 218.164
251.623 182.754
252.213 212.852
252.213 229.967
253.393 206.951
253.984 300.787
255.754 178.033
255.754 201.049
256.344 277.18
256.934 191.016
257.525 183.344
257.525 280.721
259.885 227.607
261.066 257.115
261.656 282.492
262.836 276.59
262.836 307.279
265.197 225.246
265.197 252.393
266.967 257.705
268.148 286.033
269.328 312
270.508 248.852
271.098 222.295
271.689 276
274.639 260.066
274.639 291.344
277 243.541
277 314.951
278.18 220.525
278.77 260.066
278.77 275.41
281.131 296.656
283.492 239.41
284.082 261.246
284.672 218.754
285.852 302.557
287.033 235.279
287.033 275.41
288.803 319.672
290.574 263.607
291.164 307.869
292.344 231.148
292.934 216.984
295.295 320.852
296.475 265.377
297.066 274.23
297.656 227.016
297.656 313.77
301.197 215.803
301.787 222.885
301.787 265.967
302.967 319.082
303.557 274.82
303.557 323.213
307.689 217.574
308.869 267.738
313.59 274.82
315.361 270.098
319.492 273.639