140
101 184
101 258
102 253
103 179
103 243
104 235
105 168
105 228
108 220
109 159
111 279
111 286
112 214
112 295
113 152
113 271
115 262
116 303
117 212
117 254
119 143
119 246
120 218
120 236
121 227
122 303
126 135
126 300
128 294
129 285
130 268
130 277
131 263
132 256
134 248
135 240
136 127
136 230
138 118
139 108
139 226
143 269
143 276
143 303
143 310
144 262
144 285
145 228
145 296
146 253
147 236
147 244
147 316
152 311
156 306
160 298
161 254
161 280
162 260
162 272
162 291
163 265
164 244
166 237
169 234
175 234
178 281
178 296
178 305
179 246
179 254
179 264
179 272
179 286
180 237
181 313
186 317
192 314
192 314
193 280
194 287
194 293
194 306
195 255
195 261
195 268
195 274
195 300
196 249
197 241
200 237
205 237
211 242
211 277
212 251
212 255
212 260
212 268
212 287
213 295
213 305
216 314
218 108
219 114
219 131
220 123
221 137
222 143
222 150
224 157
224 259
224 265
224 274
224 281
224 315
225 251
226 237
226 245
226 288
227 163
227 296
228 304
228 310
229 170
229 222
229 231
230 177
230 209
231 185
231 192
231 201
89 232
89 239
89 246
90 220
90 254
93 209
95 261
96 197
98 190