110
113.085 295.149
113.851 299.745
116.149 287.489
116.915 309.702
120.745 320.426
122.277 284.426
126.872 325.787
127.638 232.34
129.936 283.66
130.702 223.915
130.702 242.298
134.532 325.021
135.298 215.489
136.064 248.426
136.83 277.532
140.66 264.511
140.66 323.489
141.426 209.362
141.426 254.553
147.553 208.596
147.553 325.787
154.447 332.681
155.979 213.957
160.574 367.915
162.872 341.872
163.638 214.723
163.638 357.957
163.638 376.34
164.404 349.532
170.532 382.468
172.83 210.128
180.489 387.83
181.255 202.468
182.787 184.085
184.319 174.894
184.319 194.043
188.915 385.532
190.447 171.064
195.809 379.404
200.404 374.809
205 167.234
207.298 372.511
211.128 171.064
213.426 176.426
214.191 374.043
216.489 183.319
219.553 186.383
221.851 374.809
227.979 188.681
231.043 375.574
236.404 380.936
237.936 391.66
238.702 189.447
241.766 398.553
247.128 187.149
250.957 401.617
251.723 183.319
254.787 173.362
258.617 164.936
262.447 400.085
269.34 370.213
269.34 379.404
270.106 167.234
270.872 386.298
270.872 393.957
273.17 364.851
274.702 198.638
275.468 205.532
278.532 190.213
280.83 360.255
281.596 210.894
282.362 171.064
284.66 183.319
286.957 175.66
289.255 354.894
291.553 215.489
297.681 354.894
299.213 215.489
303.809 357.957
307.638 207.83
313 364.851
314.532 243.83
315.298 204.766
316.064 252.255
316.83 326.553
317.596 319.66
318.362 257.617
319.128 363.319
319.894 234.638
322.191 331.149
322.957 262.213
322.957 308.936
324.489 204.766
324.489 301.277
324.489 357.191
329.085 230.809
329.851 262.979
329.851 348
331.383 297.447
331.383 337.277
333.681 214.723
333.681 230.043
336.745 222.383
336.745 263.745
341.34 298.979
345.936 265.277
348.234 298.979
351.298 272.17
352.83 284.426
352.83 293.617