114
175.128 291.319
179.723 279.83
181.255 302.043
190.447 267.574
195.809 313.532
209.596 263.745
211.128 319.66
227.213 321.957
228.745 262.213
235.638 97.5319
239.468 110.553
241.766 86.0426
242.532 259.915
242.532 322.723
245.596 233.106
248.66 210.128
249.426 119.745
249.426 248.426
251.723 318.894
254.021 195.574
256.319 82.2128
258.617 128.17
261.681 314.298
265.511 141.957
265.511 187.915
267.809 351.83
270.106 79.9149
270.872 315.064
270.872 367.149
271.638 159.574
272.404 334.213
273.17 102.128
274.702 321.957
275.468 112.085
275.468 175.66
277.766 81.4468
278.532 125.872
279.298 380.936
279.298 87.5745
283.128 138.128
287.723 331.149
287.723 343.404
289.255 151.149
289.255 382.468
290.021 356.426
290.787 327.319
293.085 368.681
293.851 377.872
295.383 326.553
298.447 161.106
301.511 330.383
303.043 340.34
303.043 352.596
305.34 364.851
306.872 308.936
309.936 162.638
311.468 299.745
311.468 319.66
312.234 374.043
316.83 325.787
317.596 293.617
318.362 288.255
322.191 338.809
322.191 377.106
322.957 282.894
324.489 352.596
327.553 157.277
327.553 372.511
328.319 361.021
332.915 98.2979
333.681 282.894
333.681 90.6383
344.404 150.383
345.17 104.426
347.468 282.128
347.468 87.5745
358.957 109.787
359.723 144.255
365.085 279.83
365.851 88.3404
370.447 114.383
373.511 136.596
376.574 122.043
382.702 273.702
385 87.5745
396.489 262.979
404.915 88.3404
406.447 249.957
417.936 236.936
424.83 89.8723
428.66 223.915
434.787 98.2979
437.851 210.894
439.383 105.191
440.915 117.447
442.447 196.34
444.745 181.787
447.809 164.17
448.574 149.617
449.34 125.106
451.638 139.66
456.234 118.213
458.532 135.83
463.128 138.128
464.66 108.255
469.255 145.021
475.383 105.191
476.149 148.085
486.872 145.787
489.936 105.191
497.596 112.851
497.596 142.723
501.426 124.34
502.957 134.298